10000
1010
1090
1098
1099
10999
11099
11111
11371
12443
1311
15672
16080
18091
18092
2031
20720
2075
2076
2082
2087
2095
2096
2480
280
28017
300
3000
3128
3181
3300
3306
3333
3366
3389
3868
3872
389
4000
4040
4044
4243
443
4443
4444
4445
45000
45001
4567
47001
47002
4711
4712
4786
4848
4993
5000
50500
5104
5108
5280
5432
5555
5556
5800
5900
5901
591
593
5988
5989
6000
6129
631
6379
6443
6543
6970
7000
7001
7002
7003
7004
7070
7071
7077
7080
7396
744
7474
80
8000
8001
8002
8003
8008
8011
8012
8013
8014
8042
8069
8080
8081
8088
8089
8090
8091
81
8118
8123
8172
8180
8181
8222
8243
8280
8281
832
8333
8443
8500
8531
8686
8834
8880
8887
8888
8983
9000
9001
9002
9003
9012
9043
9060
9080
9090
9091
9100
9200
9443
9503
9800
981
9981
9999
